[[[-0.55168026]]

 [[-0.55168162]]

 [[-0.55167976]]

 ...

 [[ 0.80681333]]

 [[ 0.8178222 ]]

 [[ 0.7976275 ]]](3163, 1, 1)[[[0.83854347]]

 [[0.836707  ]]

 [[0.84974809]]

 [[1.10483508]]

 [[1.12835153]]

 [[1.10700568]]

 [[1.15219898]]

 [[1.15558165]]

 [[1.20416437]]

 [[1.23553656]]

 [[1.20421151]]

 [[1.24381099]]

 [[1.152648  ]]

 [[1.16376822]]

 [[1.16348469]]

 [[1.19215616]]

 [[1.14883659]]

 [[1.20809727]]

 [[1.21601367]]

 [[1.23407147]]

 [[1.23602267]]

 [[1.24636996]]](22, 1, 1)