          Open      High       Low     Close    Volume     Price
0    -0.551227 -0.548625 -0.556771 -0.551682 -0.374477 -0.552818
1    -0.551227 -0.548613 -0.556767 -0.551670 -0.374477 -0.552810
2    -0.551215 -0.548611 -0.556761 -0.551671 -0.374477 -0.552806
3    -0.551216 -0.548614 -0.556762 -0.551673 -0.374477 -0.552808
4    -0.551218 -0.548615 -0.556765 -0.551672 -0.374477 -0.552810
...        ...       ...       ...       ...       ...       ...
3106  0.679162  0.654182  0.713423  0.692424  0.039012  0.682915
3107  0.693111  0.650962  0.725294  0.679849 -0.083765  0.686925
3108  0.680533  0.688144  0.733286  0.707440 -0.022535  0.710140
3109  0.708129  0.673507  0.693001  0.652734  0.061964  0.683204
3110  0.653413  0.623112  0.695105  0.654148 -0.057516  0.657940

[3111 rows x 6 columns]