[[[-0.55122678 -0.54862491 -0.55677099 -0.55168196 -0.37447688
   -0.5528181 ]
  [-0.55122678 -0.54861309 -0.55676749 -0.55166969 -0.37447687
   -0.55281026]
  [-0.55121451 -0.54861074 -0.55676118 -0.55167139 -0.37447676
   -0.55280601]
  ...
  [-0.55121986 -0.5486189  -0.55676569 -0.55167689 -0.37447631
   -0.55281242]
  [-0.55122172 -0.54861841 -0.55676569 -0.55167605 -0.37447616
   -0.55281217]
  [-0.55122087 -0.54861922 -0.55676551 -0.55167663 -0.37447616
   -0.55281251]]

 [[-0.55122678 -0.54861309 -0.55676749 -0.55166969 -0.37447687
   -0.55281026]
  [-0.55121451 -0.54861074 -0.55676118 -0.55167139 -0.37447676
   -0.55280601]
  [-0.55121621 -0.5486144  -0.55676223 -0.55167344 -0.37447683
   -0.55280842]
  ...
  [-0.55122172 -0.54861841 -0.55676569 -0.55167605 -0.37447616
   -0.55281217]
  [-0.55122087 -0.54861922 -0.55676551 -0.55167663 -0.37447616
   -0.55281251]
  [-0.55122145 -0.54861893 -0.55676657 -0.55167656 -0.37447517
   -0.55281286]]

 [[-0.55121451 -0.54861074 -0.55676118 -0.55167139 -0.37447676
   -0.55280601]
  [-0.55121621 -0.5486144  -0.55676223 -0.55167344 -0.37447683
   -0.55280842]
  [-0.55121826 -0.54861525 -0.55676503 -0.55167193 -0.37447678
   -0.55281021]
  ...
  [-0.55122087 -0.54861922 -0.55676551 -0.55167663 -0.37447616
   -0.55281251]
  [-0.55122145 -0.54861893 -0.55676657 -0.55167656 -0.37447517
   -0.55281286]
  [-0.55122138 -0.548616   -0.55676642 -0.55167504 -0.37447464
   -0.55281126]]

 ...

 [[ 0.70342584  0.74350586  0.75119073  0.70972231  1.15059737
    0.74758092]
  [ 0.71041186  0.82677591  0.75800761  0.84513671  1.40652218
    0.79425884]
  [ 0.84585143  0.83399879  0.79992868  0.76450315  0.89497047
    0.81811278]
  ...
  [ 0.69939081  0.6636276   0.71468768  0.67079809  0.11344836
    0.68844574]
  [ 0.67148041  0.65714036  0.72208527  0.67847828  0.10762308
    0.68860864]
  [ 0.67916203  0.65418152  0.71342343  0.69242417  0.03901244
    0.68291537]]

 [[ 0.71041186  0.82677591  0.75800761  0.84513671  1.40652218
    0.79425884]
  [ 0.84585143  0.83399879  0.79992868  0.76450315  0.89497047
    0.81811278]
  [ 0.76520288  0.77300944  0.80631354  0.81393653  0.2399945
    0.78937672]
  ...
  [ 0.67148041  0.65714036  0.72208527  0.67847828  0.10762308
    0.68860864]
  [ 0.67916203  0.65418152  0.71342343  0.69242417  0.03901244
    0.68291537]
  [ 0.69311051  0.65096225  0.72529365  0.67984892 -0.08376517
    0.68692524]]

 [[ 0.84585143  0.83399879  0.79992868  0.76450315  0.89497047
    0.81811278]
  [ 0.76520288  0.77300944  0.80631354  0.81393653  0.2399945
    0.78937672]
  [ 0.81464544  0.79166393  0.84992733  0.80123971  0.20537898
    0.82000146]
  ...
  [ 0.67916203  0.65418152  0.71342343  0.69242417  0.03901244
    0.68291537]
  [ 0.69311051  0.65096225  0.72529365  0.67984892 -0.08376517
    0.68692524]
  [ 0.68053292  0.68814447  0.73328624  0.70744019 -0.02253466
    0.71013951]]]