[[[-0.55122678 -0.54862491 -0.55677099 -0.55168196 -0.37447688
   -0.5528181 ]
  [-0.55122678 -0.54861309 -0.55676749 -0.55166969 -0.37447687
   -0.55281026]
  [-0.55121451 -0.54861074 -0.55676118 -0.55167139 -0.37447676
   -0.55280601]
  ...
  [-0.55121826 -0.54861525 -0.55676503 -0.55167193 -0.37447678
   -0.55281021]
  [-0.55121675 -0.5486144  -0.55677064 -0.55168162 -0.37447657
   -0.55281246]
  [-0.55122644 -0.548619   -0.55677064 -0.55167753 -0.37447654
   -0.55281485]]

 [[-0.55122678 -0.54861309 -0.55676749 -0.55166969 -0.37447687
   -0.55281026]
  [-0.55121451 -0.54861074 -0.55676118 -0.55167139 -0.37447676
   -0.55280601]
  [-0.55121621 -0.5486144  -0.55676223 -0.55167344 -0.37447683
   -0.55280842]
  ...
  [-0.55121675 -0.5486144  -0.55677064 -0.55168162 -0.37447657
   -0.55281246]
  [-0.55122644 -0.548619   -0.55677064 -0.55167753 -0.37447654
   -0.55281485]
  [-0.55122235 -0.54862098 -0.55677065 -0.55168026 -0.37447682
   -0.55281588]]

 [[-0.55121451 -0.54861074 -0.55676118 -0.55167139 -0.37447676
   -0.55280601]
  [-0.55121621 -0.5486144  -0.55676223 -0.55167344 -0.37447683
   -0.55280842]
  [-0.55121826 -0.54861525 -0.55676503 -0.55167193 -0.37447678
   -0.55281021]
  ...
  [-0.55122644 -0.548619   -0.55677064 -0.55167753 -0.37447654
   -0.55281485]
  [-0.55122235 -0.54862098 -0.55677065 -0.55168026 -0.37447682
   -0.55281588]
  [-0.55122508 -0.54862169 -0.55677064 -0.55168162 -0.37447667
   -0.55281626]]

 ...

 [[ 0.75712616  0.7223482   0.79852282  0.76104623 -0.05434508
    0.75923214]
  [ 0.76174532  0.72024873  0.80766986  0.75762639 -0.10841145
    0.76252084]
  [ 0.75832484  0.72804775  0.79774377  0.75863916 -0.04540075
    0.76183017]
  ...
  [ 0.77474835  0.77586411  0.83313838  0.80778226  0.03392336
    0.80371931]
  [ 0.80849003  0.76325732  0.84942451  0.79798875 -0.20703903
    0.80495126]
  [ 0.7986947   0.76605994  0.84706608  0.79489983 -0.10560661
    0.80528219]]

 [[ 0.76174532  0.72024873  0.80766986  0.75762639 -0.10841145
    0.76252084]
  [ 0.75832484  0.72804775  0.79774377  0.75863916 -0.04540075
    0.76183017]
  [ 0.7593378   0.73224353  0.8158536   0.77404685 -0.06590067
    0.77269573]
  ...
  [ 0.80849003  0.76325732  0.84942451  0.79798875 -0.20703903
    0.80495126]
  [ 0.7986947   0.76605994  0.84706608  0.79489983 -0.10560661
    0.80528219]
  [ 0.79560521  0.76379771  0.84995569  0.80681333 -0.08228765
    0.80548752]]

 [[ 0.75832484  0.72804775  0.79774377  0.75863916 -0.04540075
    0.76183017]
  [ 0.7593378   0.73224353  0.8158536   0.77404685 -0.06590067
    0.77269573]
  [ 0.77474835  0.77586411  0.83313838  0.80778226  0.03392336
    0.80371931]
  ...
  [ 0.7986947   0.76605994  0.84706608  0.79489983 -0.10560661
    0.80528219]
  [ 0.79560521  0.76379771  0.84995569  0.80681333 -0.08228765
    0.80548752]
  [ 0.80752093  0.77450997  0.85810762  0.8178222  -0.00962902
    0.81497853]]](3163, 7, 6)[[[ 7.99653667e-01  7.59670361e-01  8.53496924e-01  8.01097946e-01
   -1.92424836e-01  8.05032746e-01]
  [ 8.01804477e-01  7.56721291e-01  8.49204995e-01  7.96675558e-01
   -2.16304673e-01  8.01438626e-01]
  [ 7.97381267e-01  7.55090520e-01  8.19929562e-01  7.73192732e-01
   -3.93389337e-02  7.86559770e-01]
  [ 7.73894078e-01  7.34880047e-01  8.25184783e-01  7.79157933e-01
   -1.43992338e-01  7.78541698e-01]
  [ 7.79860387e-01  7.71049913e-01  8.35904102e-01  8.14186342e-01
   -8.36354669e-03  8.02534846e-01]
  [ 8.14895304e-01  7.68484912e-01  8.64906767e-01  8.10969093e-01
   -1.23130565e-01  8.15095605e-01]
  [ 8.11677458e-01  7.93369635e-01  8.70760436e-01  8.36264737e-01
    4.54686277e-02  8.30873851e-01]]

 [[ 8.01804477e-01  7.56721291e-01  8.49204995e-01  7.96675558e-01
   -2.16304673e-01  8.01438626e-01]
  [ 7.97381267e-01  7.55090520e-01  8.19929562e-01  7.73192732e-01
   -3.93389337e-02  7.86559770e-01]
  [ 7.73894078e-01  7.34880047e-01  8.25184783e-01  7.79157933e-01
   -1.43992338e-01  7.78541698e-01]
  [ 7.79860387e-01  7.71049913e-01  8.35904102e-01  8.14186342e-01
   -8.36354669e-03  8.02534846e-01]
  [ 8.14895304e-01  7.68484912e-01  8.64906767e-01  8.10969093e-01
   -1.23130565e-01  8.15095605e-01]
  [ 8.11677458e-01  7.93369635e-01  8.70760436e-01  8.36264737e-01
    4.54686277e-02  8.30873851e-01]
  [ 8.36977802e-01  8.01178355e-01  8.83384983e-01  8.38543474e-01
   -1.22874561e-01  8.40994421e-01]]

 [[ 7.97381267e-01  7.55090520e-01  8.19929562e-01  7.73192732e-01
   -3.93389337e-02  7.86559770e-01]
  [ 7.73894078e-01  7.34880047e-01  8.25184783e-01  7.79157933e-01
   -1.43992338e-01  7.78541698e-01]
  [ 7.79860387e-01  7.71049913e-01  8.35904102e-01  8.14186342e-01
   -8.36354669e-03  8.02534846e-01]
  [ 8.14895304e-01  7.68484912e-01  8.64906767e-01  8.10969093e-01
   -1.23130565e-01  8.15095605e-01]
  [ 8.11677458e-01  7.93369635e-01  8.70760436e-01  8.36264737e-01
    4.54686277e-02  8.30873851e-01]
  [ 8.36977802e-01  8.01178355e-01  8.83384983e-01  8.38543474e-01
   -1.22874561e-01  8.40994421e-01]
  [ 8.39256963e-01  7.95498434e-01  8.94688572e-01  8.36707001e-01
   -2.35095267e-01  8.43449939e-01]]

 [[ 7.73894078e-01  7.34880047e-01  8.25184783e-01  7.79157933e-01
   -1.43992338e-01  7.78541698e-01]
  [ 7.79860387e-01  7.71049913e-01  8.35904102e-01  8.14186342e-01
   -8.36354669e-03  8.02534846e-01]
  [ 8.14895304e-01  7.68484912e-01  8.64906767e-01  8.10969093e-01
   -1.23130565e-01  8.15095605e-01]
  [ 8.11677458e-01  7.93369635e-01  8.70760436e-01  8.36264737e-01
    4.54686277e-02  8.30873851e-01]
  [ 8.36977802e-01  8.01178355e-01  8.83384983e-01  8.38543474e-01
   -1.22874561e-01  8.40994421e-01]
  [ 8.39256963e-01  7.95498434e-01  8.94688572e-01  8.36707001e-01
   -2.35095267e-01  8.43449939e-01]
  [ 8.37420148e-01  8.06858436e-01  8.88813635e-01  8.49748088e-01
    1.02475101e-03  8.46557016e-01]]

 [[ 7.79860387e-01  7.71049913e-01  8.35904102e-01  8.14186342e-01
   -8.36354669e-03  8.02534846e-01]
  [ 8.14895304e-01  7.68484912e-01  8.64906767e-01  8.10969093e-01
   -1.23130565e-01  8.15095605e-01]
  [ 8.11677458e-01  7.93369635e-01  8.70760436e-01  8.36264737e-01
    4.54686277e-02  8.30873851e-01]
  [ 8.36977802e-01  8.01178355e-01  8.83384983e-01  8.38543474e-01
   -1.22874561e-01  8.40994421e-01]
  [ 8.39256963e-01  7.95498434e-01  8.94688572e-01  8.36707001e-01
   -2.35095267e-01  8.43449939e-01]
  [ 8.37420148e-01  8.06858436e-01  8.88813635e-01  8.49748088e-01
    1.02475101e-03  8.46557016e-01]
  [ 8.50463658e-01  1.11285994e+00  9.12008798e-01  1.10483508e+00
    1.62739278e+00  1.01720026e+00]]

 [[ 8.14895304e-01  7.68484912e-01  8.64906767e-01  8.10969093e-01
   -1.23130565e-01  8.15095605e-01]
  [ 8.11677458e-01  7.93369635e-01  8.70760436e-01  8.36264737e-01
    4.54686277e-02  8.30873851e-01]
  [ 8.36977802e-01  8.01178355e-01  8.83384983e-01  8.38543474e-01
   -1.22874561e-01  8.40994421e-01]
  [ 8.39256963e-01  7.95498434e-01  8.94688572e-01  8.36707001e-01
   -2.35095267e-01  8.43449939e-01]
  [ 8.37420148e-01  8.06858436e-01  8.88813635e-01  8.49748088e-01
    1.02475101e-03  8.46557016e-01]
  [ 8.50463658e-01  1.11285994e+00  9.12008798e-01  1.10483508e+00
    1.62739278e+00  1.01720026e+00]
  [ 1.10559804e+00  1.18814223e+00  1.15419006e+00  1.12835153e+00
    1.61365845e+00  1.17249969e+00]]

 [[ 8.11677458e-01  7.93369635e-01  8.70760436e-01  8.36264737e-01
    4.54686277e-02  8.30873851e-01]
  [ 8.36977802e-01  8.01178355e-01  8.83384983e-01  8.38543474e-01
   -1.22874561e-01  8.40994421e-01]
  [ 8.39256963e-01  7.95498434e-01  8.94688572e-01  8.36707001e-01
   -2.35095267e-01  8.43449939e-01]
  [ 8.37420148e-01  8.06858436e-01  8.88813635e-01  8.49748088e-01
    1.02475101e-03  8.46557016e-01]
  [ 8.50463658e-01  1.11285994e+00  9.12008798e-01  1.10483508e+00
    1.62739278e+00  1.01720026e+00]
  [ 1.10559804e+00  1.18814223e+00  1.15419006e+00  1.12835153e+00
    1.61365845e+00  1.17249969e+00]
  [ 1.12911887e+00  1.10230066e+00  1.14292192e+00  1.10700568e+00
    5.34896174e-01  1.12234813e+00]]

 [[ 8.36977802e-01  8.01178355e-01  8.83384983e-01  8.38543474e-01
   -1.22874561e-01  8.40994421e-01]
  [ 8.39256963e-01  7.95498434e-01  8.94688572e-01  8.36707001e-01
   -2.35095267e-01  8.43449939e-01]
  [ 8.37420148e-01  8.06858436e-01  8.88813635e-01  8.49748088e-01
    1.02475101e-03  8.46557016e-01]
  [ 8.50463658e-01  1.11285994e+00  9.12008798e-01  1.10483508e+00
    1.62739278e+00  1.01720026e+00]
  [ 1.10559804e+00  1.18814223e+00  1.15419006e+00  1.12835153e+00
    1.61365845e+00  1.17249969e+00]
  [ 1.12911887e+00  1.10230066e+00  1.14292192e+00  1.10700568e+00
    5.34896174e-01  1.12234813e+00]
  [ 1.10776905e+00  1.10300046e+00  1.17756929e+00  1.15219898e+00
    3.15269227e-01  1.13931585e+00]]

 [[ 8.39256963e-01  7.95498434e-01  8.94688572e-01  8.36707001e-01
   -2.35095267e-01  8.43449939e-01]
  [ 8.37420148e-01  8.06858436e-01  8.88813635e-01  8.49748088e-01
    1.02475101e-03  8.46557016e-01]
  [ 8.50463658e-01  1.11285994e+00  9.12008798e-01  1.10483508e+00
    1.62739278e+00  1.01720026e+00]
  [ 1.10559804e+00  1.18814223e+00  1.15419006e+00  1.12835153e+00
    1.61365845e+00  1.17249969e+00]
  [ 1.12911887e+00  1.10230066e+00  1.14292192e+00  1.10700568e+00
    5.34896174e-01  1.12234813e+00]
  [ 1.10776905e+00  1.10300046e+00  1.17756929e+00  1.15219898e+00
    3.15269227e-01  1.13931585e+00]
  [ 1.15297075e+00  1.15705341e+00  1.19187238e+00  1.15558165e+00
    3.03272296e-01  1.17434934e+00]]

 [[ 8.37420148e-01  8.06858436e-01  8.88813635e-01  8.49748088e-01
    1.02475101e-03  8.46557016e-01]
  [ 8.50463658e-01  1.11285994e+00  9.12008798e-01  1.10483508e+00
    1.62739278e+00  1.01720026e+00]
  [ 1.10559804e+00  1.18814223e+00  1.15419006e+00  1.12835153e+00
    1.61365845e+00  1.17249969e+00]
  [ 1.12911887e+00  1.10230066e+00  1.14292192e+00  1.10700568e+00
    5.34896174e-01  1.12234813e+00]
  [ 1.10776905e+00  1.10300046e+00  1.17756929e+00  1.15219898e+00
    3.15269227e-01  1.13931585e+00]
  [ 1.15297075e+00  1.15705341e+00  1.19187238e+00  1.15558165e+00
    3.03272296e-01  1.17434934e+00]
  [ 1.15635404e+00  1.16546768e+00  1.22950853e+00  1.20416437e+00
    2.23394650e-01  1.19677108e+00]]

 [[ 8.50463658e-01  1.11285994e+00  9.12008798e-01  1.10483508e+00
    1.62739278e+00  1.01720026e+00]
  [ 1.10559804e+00  1.18814223e+00  1.15419006e+00  1.12835153e+00
    1.61365845e+00  1.17249969e+00]
  [ 1.12911887e+00  1.10230066e+00  1.14292192e+00  1.10700568e+00
    5.34896174e-01  1.12234813e+00]
  [ 1.10776905e+00  1.10300046e+00  1.17756929e+00  1.15219898e+00
    3.15269227e-01  1.13931585e+00]
  [ 1.15297075e+00  1.15705341e+00  1.19187238e+00  1.15558165e+00
    3.03272296e-01  1.17434934e+00]
  [ 1.15635404e+00  1.16546768e+00  1.22950853e+00  1.20416437e+00
    2.23394650e-01  1.19677108e+00]
  [ 1.20494579e+00  1.19210675e+00  1.26384085e+00  1.23553656e+00
    5.26220151e-01  1.22711079e+00]]

 [[ 1.10559804e+00  1.18814223e+00  1.15419006e+00  1.12835153e+00
    1.61365845e+00  1.17249969e+00]
  [ 1.12911887e+00  1.10230066e+00  1.14292192e+00  1.10700568e+00
    5.34896174e-01  1.12234813e+00]
  [ 1.10776905e+00  1.10300046e+00  1.17756929e+00  1.15219898e+00
    3.15269227e-01  1.13931585e+00]
  [ 1.15297075e+00  1.15705341e+00  1.19187238e+00  1.15558165e+00
    3.03272296e-01  1.17434934e+00]
  [ 1.15635404e+00  1.16546768e+00  1.22950853e+00  1.20416437e+00
    2.23394650e-01  1.19677108e+00]
  [ 1.20494579e+00  1.19210675e+00  1.26384085e+00  1.23553656e+00
    5.26220151e-01  1.22711079e+00]
  [ 1.23632381e+00  1.17459796e+00  1.27017963e+00  1.20421151e+00
    2.48573700e-01  1.22102042e+00]]

 [[ 1.12911887e+00  1.10230066e+00  1.14292192e+00  1.10700568e+00
    5.34896174e-01  1.12234813e+00]
  [ 1.10776905e+00  1.10300046e+00  1.17756929e+00  1.15219898e+00
    3.15269227e-01  1.13931585e+00]
  [ 1.15297075e+00  1.15705341e+00  1.19187238e+00  1.15558165e+00
    3.03272296e-01  1.17434934e+00]
  [ 1.15635404e+00  1.16546768e+00  1.22950853e+00  1.20416437e+00
    2.23394650e-01  1.19677108e+00]
  [ 1.20494579e+00  1.19210675e+00  1.26384085e+00  1.23553656e+00
    5.26220151e-01  1.22711079e+00]
  [ 1.23632381e+00  1.17459796e+00  1.27017963e+00  1.20421151e+00
    2.48573700e-01  1.22102042e+00]
  [ 1.20499294e+00  1.22890807e+00  1.27707794e+00  1.24381099e+00
    4.84612410e-01  1.25263964e+00]]

 [[ 1.10776905e+00  1.10300046e+00  1.17756929e+00  1.15219898e+00
    3.15269227e-01  1.13931585e+00]
  [ 1.15297075e+00  1.15705341e+00  1.19187238e+00  1.15558165e+00
    3.03272296e-01  1.17434934e+00]
  [ 1.15635404e+00  1.16546768e+00  1.22950853e+00  1.20416437e+00
    2.23394650e-01  1.19677108e+00]
  [ 1.20494579e+00  1.19210675e+00  1.26384085e+00  1.23553656e+00
    5.26220151e-01  1.22711079e+00]
  [ 1.23632381e+00  1.17459796e+00  1.27017963e+00  1.20421151e+00
    2.48573700e-01  1.22102042e+00]
  [ 1.20499294e+00  1.22890807e+00  1.27707794e+00  1.24381099e+00
    4.84612410e-01  1.25263964e+00]
  [ 1.24459978e+00  1.19073322e+00  1.20945457e+00  1.15264800e+00
    5.02223343e-01  1.20033301e+00]]

 [[ 1.15297075e+00  1.15705341e+00  1.19187238e+00  1.15558165e+00
    3.03272296e-01  1.17434934e+00]
  [ 1.15635404e+00  1.16546768e+00  1.22950853e+00  1.20416437e+00
    2.23394650e-01  1.19677108e+00]
  [ 1.20494579e+00  1.19210675e+00  1.26384085e+00  1.23553656e+00
    5.26220151e-01  1.22711079e+00]
  [ 1.23632381e+00  1.17459796e+00  1.27017963e+00  1.20421151e+00
    2.48573700e-01  1.22102042e+00]
  [ 1.20499294e+00  1.22890807e+00  1.27707794e+00  1.24381099e+00
    4.84612410e-01  1.25263964e+00]
  [ 1.24459978e+00  1.19073322e+00  1.20945457e+00  1.15264800e+00
    5.02223343e-01  1.20033301e+00]
  [ 1.15341985e+00  1.11747880e+00  1.18819662e+00  1.16376822e+00
    1.67712349e-01  1.15195645e+00]]

 [[ 1.15635404e+00  1.16546768e+00  1.22950853e+00  1.20416437e+00
    2.23394650e-01  1.19677108e+00]
  [ 1.20494579e+00  1.19210675e+00  1.26384085e+00  1.23553656e+00
    5.26220151e-01  1.22711079e+00]
  [ 1.23632381e+00  1.17459796e+00  1.27017963e+00  1.20421151e+00
    2.48573700e-01  1.22102042e+00]
  [ 1.20499294e+00  1.22890807e+00  1.27707794e+00  1.24381099e+00
    4.84612410e-01  1.25263964e+00]
  [ 1.24459978e+00  1.19073322e+00  1.20945457e+00  1.15264800e+00
    5.02223343e-01  1.20033301e+00]
  [ 1.15341985e+00  1.11747880e+00  1.18819662e+00  1.16376822e+00
    1.67712349e-01  1.15195645e+00]
  [ 1.16454214e+00  1.12084779e+00  1.23372619e+00  1.16348469e+00
   -8.21967928e-02  1.17553041e+00]]

 [[ 1.20494579e+00  1.19210675e+00  1.26384085e+00  1.23553656e+00
    5.26220151e-01  1.22711079e+00]
  [ 1.23632381e+00  1.17459796e+00  1.27017963e+00  1.20421151e+00
    2.48573700e-01  1.22102042e+00]
  [ 1.20499294e+00  1.22890807e+00  1.27707794e+00  1.24381099e+00
    4.84612410e-01  1.25263964e+00]
  [ 1.24459978e+00  1.19073322e+00  1.20945457e+00  1.15264800e+00
    5.02223343e-01  1.20033301e+00]
  [ 1.15341985e+00  1.11747880e+00  1.18819662e+00  1.16376822e+00
    1.67712349e-01  1.15195645e+00]
  [ 1.16454214e+00  1.12084779e+00  1.23372619e+00  1.16348469e+00
   -8.21967928e-02  1.17553041e+00]
  [ 1.16425856e+00  1.13968131e+00  1.22487674e+00  1.19215616e+00
   -1.08752226e-01  1.18110830e+00]]

 [[ 1.23632381e+00  1.17459796e+00  1.27017963e+00  1.20421151e+00
    2.48573700e-01  1.22102042e+00]
  [ 1.20499294e+00  1.22890807e+00  1.27707794e+00  1.24381099e+00
    4.84612410e-01  1.25263964e+00]
  [ 1.24459978e+00  1.19073322e+00  1.20945457e+00  1.15264800e+00
    5.02223343e-01  1.20033301e+00]
  [ 1.15341985e+00  1.11747880e+00  1.18819662e+00  1.16376822e+00
    1.67712349e-01  1.15195645e+00]
  [ 1.16454214e+00  1.12084779e+00  1.23372619e+00  1.16348469e+00
   -8.21967928e-02  1.17553041e+00]
  [ 1.16425856e+00  1.13968131e+00  1.22487674e+00  1.19215616e+00
   -1.08752226e-01  1.18110830e+00]
  [ 1.19293535e+00  1.14244490e+00  1.20296000e+00  1.14883659e+00
    1.31346882e-01  1.17204662e+00]]

 [[ 1.20499294e+00  1.22890807e+00  1.27707794e+00  1.24381099e+00
    4.84612410e-01  1.25263964e+00]
  [ 1.24459978e+00  1.19073322e+00  1.20945457e+00  1.15264800e+00
    5.02223343e-01  1.20033301e+00]
  [ 1.15341985e+00  1.11747880e+00  1.18819662e+00  1.16376822e+00
    1.67712349e-01  1.15195645e+00]
  [ 1.16454214e+00  1.12084779e+00  1.23372619e+00  1.16348469e+00
   -8.21967928e-02  1.17553041e+00]
  [ 1.16425856e+00  1.13968131e+00  1.22487674e+00  1.19215616e+00
   -1.08752226e-01  1.18110830e+00]
  [ 1.19293535e+00  1.14244490e+00  1.20296000e+00  1.14883659e+00
    1.31346882e-01  1.17204662e+00]
  [ 1.14960773e+00  1.15439726e+00  1.22415432e+00  1.20809727e+00
    1.34896085e-01  1.18843400e+00]]

 [[ 1.24459978e+00  1.19073322e+00  1.20945457e+00  1.15264800e+00
    5.02223343e-01  1.20033301e+00]
  [ 1.15341985e+00  1.11747880e+00  1.18819662e+00  1.16376822e+00
    1.67712349e-01  1.15195645e+00]
  [ 1.16454214e+00  1.12084779e+00  1.23372619e+00  1.16348469e+00
   -8.21967928e-02  1.17553041e+00]
  [ 1.16425856e+00  1.13968131e+00  1.22487674e+00  1.19215616e+00
   -1.08752226e-01  1.18110830e+00]
  [ 1.19293535e+00  1.14244490e+00  1.20296000e+00  1.14883659e+00
    1.31346882e-01  1.17204662e+00]
  [ 1.14960773e+00  1.15439726e+00  1.22415432e+00  1.20809727e+00
    1.34896085e-01  1.18843400e+00]
  [ 1.20887942e+00  1.16700396e+00  1.28139832e+00  1.21601367e+00
    1.03908115e-01  1.22243739e+00]]

 [[ 1.15341985e+00  1.11747880e+00  1.18819662e+00  1.16376822e+00
    1.67712349e-01  1.15195645e+00]
  [ 1.16454214e+00  1.12084779e+00  1.23372619e+00  1.16348469e+00
   -8.21967928e-02  1.17553041e+00]
  [ 1.16425856e+00  1.13968131e+00  1.22487674e+00  1.19215616e+00
   -1.08752226e-01  1.18110830e+00]
  [ 1.19293535e+00  1.14244490e+00  1.20296000e+00  1.14883659e+00
    1.31346882e-01  1.17204662e+00]
  [ 1.14960773e+00  1.15439726e+00  1.22415432e+00  1.20809727e+00
    1.34896085e-01  1.18843400e+00]
  [ 1.20887942e+00  1.16700396e+00  1.28139832e+00  1.21601367e+00
    1.03908115e-01  1.22243739e+00]
  [ 1.21679729e+00  1.18230909e+00  1.29633530e+00  1.23407147e+00
    8.57567756e-02  1.23757419e+00]]

 [[ 1.16454214e+00  1.12084779e+00  1.23372619e+00  1.16348469e+00
   -8.21967928e-02  1.17553041e+00]
  [ 1.16425856e+00  1.13968131e+00  1.22487674e+00  1.19215616e+00
   -1.08752226e-01  1.18110830e+00]
  [ 1.19293535e+00  1.14244490e+00  1.20296000e+00  1.14883659e+00
    1.31346882e-01  1.17204662e+00]
  [ 1.14960773e+00  1.15439726e+00  1.22415432e+00  1.20809727e+00
    1.34896085e-01  1.18843400e+00]
  [ 1.20887942e+00  1.16700396e+00  1.28139832e+00  1.21601367e+00
    1.03908115e-01  1.22243739e+00]
  [ 1.21679729e+00  1.18230909e+00  1.29633530e+00  1.23407147e+00
    8.57567756e-02  1.23757419e+00]
  [ 1.23485845e+00  1.19377654e+00  1.28896597e+00  1.23602267e+00
    1.54532092e-02  1.24002117e+00]]](22, 7, 6)