real
[[[0.83854347]]

 [[0.836707  ]]

 [[0.84974809]]

 [[1.10483508]]

 [[1.12835153]]

 [[1.10700568]]

 [[1.15219898]]

 [[1.15558165]]

 [[1.20416437]]

 [[1.23553656]]

 [[1.20421151]]

 [[1.24381099]]

 [[1.152648  ]]

 [[1.16376822]]

 [[1.16348469]]

 [[1.19215616]]

 [[1.14883659]]

 [[1.20809727]]

 [[1.21601367]]

 [[1.23407147]]

 [[1.23602267]]

 [[1.24636996]]]
predicted
 [[0.9593719 ]
 [0.96506745]
 [0.9696253 ]
 [0.9800923 ]
 [1.0080806 ]
 [1.0639566 ]
 [1.1246278 ]
 [1.1906245 ]
 [1.2459226 ]
 [1.2853351 ]
 [1.3131621 ]
 [1.3610896 ]
 [1.4044483 ]
 [1.422009  ]
 [1.4255031 ]
 [1.4204118 ]
 [1.4109681 ]
 [1.4021214 ]
 [1.3920084 ]
 [1.3906106 ]
 [1.403244  ]
 [1.4207816 ]]