          Open      High       Low     Close    Volume     Price    RSI_14   DifInPer  RSI_14_A_60  RSI_14_B_40
14    0.002036  0.001518  0.002146  0.002032  0.000000  0.001740  0.431796   0.249172            0            0
15    0.002048  0.001508  0.001655  0.001528  0.000072  0.001493  0.214921 -10.776686            0            1
16    0.001547  0.001101  0.001300  0.001278  0.000136  0.001111  0.156883  -6.007853            0            1
17    0.001309  0.000971  0.001413  0.001430  0.000103  0.001100  0.250384   3.890684            0            1
18    0.001450  0.001106  0.001528  0.001604  0.000044  0.001225  0.341837   4.268163            0            1
...        ...       ...       ...       ...       ...       ...       ...        ...          ...          ...
2995  0.348362  0.343076  0.348487  0.345716  0.058065  0.346341  0.502255  -0.723505            0            0
2996  0.345833  0.339287  0.332904  0.329203  0.074238  0.336739  0.388889  -4.740213            0            0
2997  0.329302  0.323624  0.332688  0.329065  0.031793  0.328648  0.388054  -0.041722            0            0
2998  0.329172  0.326664  0.334322  0.330284  0.037922  0.331002  0.398515   0.367569            0            0
2999  0.330409  0.324566  0.334784  0.329713  0.041222  0.330160  0.394540  -0.171446            0            0

[2986 rows x 10 columns]