[[[0.00006657 0.         0.         ... 0.35599681 0.         0.        ]
  [0.         0.00024349 0.00002951 ... 0.52148978 0.         0.        ]
  [0.00027872 0.00023597 0.0002655  ... 0.49299549 0.         0.        ]]

 [[0.         0.00024349 0.00002951 ... 0.52148978 0.         0.        ]
  [0.00027872 0.00023597 0.0002655  ... 0.49299549 0.         0.        ]
  [0.00024434 0.00017074 0.00006577 ... 0.40150105 0.         0.        ]]

 [[0.00027872 0.00023597 0.0002655  ... 0.49299549 0.         0.        ]
  [0.00024434 0.00017074 0.00006577 ... 0.40150105 0.         0.        ]
  [0.00009437 0.00008655 0.00010389 ... 0.40849026 0.         0.        ]]

 ...

 [[0.24176197 0.23966385 0.24439844 ... 0.43855889 0.         0.        ]
  [0.24162253 0.23720593 0.24268117 ... 0.44152558 0.         0.        ]
  [0.24042137 0.23813478 0.24310266 ... 0.44483516 0.         0.        ]]

 [[0.24162253 0.23720593 0.24268117 ... 0.44152558 0.         0.        ]
  [0.24042137 0.23813478 0.24310266 ... 0.44483516 0.         0.        ]
  [0.23956258 0.23707569 0.2434177  ... 0.44597808 0.         0.        ]]

 [[0.24042137 0.23813478 0.24310266 ... 0.44483516 0.         0.        ]
  [0.23956258 0.23707569 0.2434177  ... 0.44597808 0.         0.        ]
  [0.23921039 0.23544632 0.23762355 ... 0.38790199 0.         0.        ]]]