              Open          High           Low         Close  ...     RSI_14  RSI_14_A_60  RSI_14_B_40   DifInPer
14      314.079010    315.838989    313.565002    315.032013  ...  46.355997            0            0   0.249172
15      314.846008    315.149994    281.082001    281.082001  ...  28.055686            0            1 -10.776686
16      281.145996    287.230011    257.612000    264.195007  ...  23.158374            0            1  -6.007853
17      265.084015    278.341003    265.084015    274.473999  ...  31.048165            0            1   3.890684
18      274.610992    287.553009    272.696014    286.188995  ...  38.765092            0            1   4.268163
...            ...           ...           ...           ...  ...        ...          ...          ...        ...
2995  23647.019531  23739.138672  23245.021484  23475.466797  ...  52.301538            0            0  -0.723505
2996  23476.632812  23479.347656  22213.238281  22362.679688  ...  42.735439            0            0  -4.740213
2997  22362.923828  22405.177734  22198.980469  22353.349609  ...  42.664978            0            0  -0.041722
2998  22354.144531  22613.685547  22307.142578  22435.513672  ...  43.547701            0            0   0.367569
2999  22437.501953  22469.757812  22337.716797  22397.048828  ...  43.212289            0            0  -0.171446

[2986 rows x 10 columns]