[[0.20543097]
 [0.20568812]
 [0.20767836]
 [0.20792945]
 [0.20671713]
 [0.20688702]
 [0.20830312]
 [0.20931093]
 [0.20867868]
 [0.21073456]
 [0.2094639 ]
 [0.21032196]
 [0.20875758]
 [0.21016775]
 [0.21095447]
 [0.21562262]
 [0.22080074]
 [0.22752312]
 [0.23477927]
 [0.24112837]
 [0.23995577]
 [0.24560282]
 [0.24928743]
 [0.24517971]
 [0.25355566]
 [0.26683182]
 [0.26921183]
 [0.27000302]
 [0.27504176]
 [0.27190253]
 [0.28002638]
 [0.27997404]
 [0.2811517 ]
 [0.28041357]
 [0.28836793]
 [0.27253115]
 [0.27583304]
 [0.28257275]
 [0.28032207]
 [0.28158557]
 [0.28237158]
 [0.27862144]
 [0.27728653]
 [0.2851743 ]
 [0.28173167]
 [0.2656157 ]
 [0.26225623]
 [0.26130927]
 [0.25756097]
 [0.25676507]
 [0.2641756 ]
 [0.2803386 ]
 [0.2743103 ]
 [0.28745228]
 [0.2910418 ]
 [0.2864793 ]
 [0.29814225]
 [0.2969017 ]
 [0.2960602 ]
 [0.29583532]
 [0.28456432]
 [0.28566974]
 [0.29104197]
 [0.29127038]
 [0.28542632]
 [0.2937162 ]
 [0.2904181 ]
 [0.2719155 ]
 [0.27273113]
 [0.27521658]][[0.2442093 ]
 [0.24312976]
 [0.243002  ]
 [0.24588843]
 [0.24798399]
 [0.24666837]
 [0.24890555]
 [0.24892712]
 [0.24928907]
 [0.25058532]
 [0.24912345]
 [0.24847133]
 [0.24857055]
 [0.24889839]
 [0.2491562 ]
 [0.25139305]
 [0.25853375]
 [0.2720189 ]
 [0.2822771 ]
 [0.28769255]
 [0.2781222 ]
 [0.28160638]
 [0.2801077 ]
 [0.27080953]
 [0.2797664 ]
 [0.3014067 ]
 [0.30142337]
 [0.299569  ]
 [0.303531  ]
 [0.29889297]
 [0.30829138]
 [0.30579066]
 [0.30594385]
 [0.30564487]
 [0.3172531 ]
 [0.30020976]
 [0.30491173]
 [0.3139107 ]
 [0.30875805]
 [0.30867434]
 [0.30656543]
 [0.30083686]
 [0.29974622]
 [0.30868405]
 [0.30519044]
 [0.28855038]
 [0.28785262]
 [0.2934107 ]
 [0.29470867]
 [0.2980721 ]
 [0.30621147]
 [0.32601732]
 [0.31428018]
 [0.3277643 ]
 [0.3311457 ]
 [0.32935515]
 [0.34117886]
 [0.3366219 ]
 [0.3366048 ]
 [0.334916  ]
 [0.32512543]
 [0.32722563]
 [0.33621424]
 [0.337252  ]
 [0.33357042]
 [0.3405602 ]
 [0.33849326]
 [0.32264432]
 [0.32406744]
 [0.32857952]][[0.2947405 ]
 [0.2928871 ]
 [0.29049   ]
 [0.2911775 ]
 [0.29070112]
 [0.2897651 ]
 [0.29200253]
 [0.29307917]
 [0.29325187]
 [0.29657072]
 [0.29532105]
 [0.29594666]
 [0.29512253]
 [0.29659286]
 [0.2976677 ]
 [0.30284783]
 [0.31426492]
 [0.33814085]
 [0.36321443]
 [0.38557902]
 [0.37730992]
 [0.38240555]
 [0.380507  ]
 [0.36834678]
 [0.3759059 ]
 [0.40866277]
 [0.40794185]
 [0.40449938]
 [0.4082577 ]
 [0.40056953]
 [0.41109678]
 [0.4073423 ]
 [0.40640727]
 [0.40326035]
 [0.41765064]
 [0.3971748 ]
 [0.40099964]
 [0.41201353]
 [0.406259  ]
 [0.4057186 ]
 [0.40322208]
 [0.39582208]
 [0.39180323]
 [0.4011882 ]
 [0.39431113]
 [0.3728827 ]
 [0.3647033 ]
 [0.36451378]
 [0.3621014 ]
 [0.36403504]
 [0.37504908]
 [0.41785023]
 [0.40419042]
 [0.4224672 ]
 [0.422916  ]
 [0.41656503]
 [0.43017778]
 [0.42316562]
 [0.41952476]
 [0.4139476 ]
 [0.39896527]
 [0.3969786 ]
 [0.40451318]
 [0.40379903]
 [0.3973749 ]
 [0.40551785]
 [0.40259346]
 [0.3844162 ]
 [0.3834282 ]
 [0.38658604]]