          Open      High       Low     Close    Volume     Price       ADX       DMP       DMN
33    0.000067  0.000000  0.000000  0.000000  0.000050  0.000000  0.505975  0.143985  0.593582
34    0.000000  0.000243  0.000030  0.000292  0.000116  0.000139  0.482291  0.256376  0.519863
35    0.000279  0.000236  0.000266  0.000247  0.000044  0.000251  0.461154  0.246609  0.502553
36    0.000244  0.000171  0.000066  0.000098  0.000059  0.000119  0.456301  0.222419  0.580259
37    0.000094  0.000087  0.000104  0.000099  0.000024  0.000095  0.451940  0.212723  0.558888
...        ...       ...       ...       ...       ...       ...       ...       ...       ...
2420  0.349975  0.351271  0.346522  0.341773  0.088058  0.349613  0.170126  0.283492  0.286340
2421  0.341932  0.338946  0.345526  0.339938  0.067587  0.342839  0.153901  0.272751  0.284971
2422  0.340031  0.333823  0.310552  0.305187  0.115351  0.323018  0.166275  0.216383  0.505420
2423  0.305192  0.306599  0.310369  0.309480  0.078552  0.309046  0.177917  0.206175  0.486716
2424  0.309472  0.311247  0.314102  0.314958  0.065749  0.313254  0.181279  0.231922  0.463730

[2392 rows x 9 columns]