real
[[[0.83854347]]

 [[0.836707  ]]

 [[0.84974809]]

 [[1.10483508]]

 [[1.12835153]]

 [[1.10700568]]

 [[1.15219898]]

 [[1.15558165]]

 [[1.20416437]]

 [[1.23553656]]

 [[1.20421151]]

 [[1.24381099]]

 [[1.152648  ]]

 [[1.16376822]]

 [[1.16348469]]

 [[1.19215616]]

 [[1.14883659]]

 [[1.20809727]]

 [[1.21601367]]

 [[1.23407147]]

 [[1.23602267]]

 [[1.24636996]]]
predicted
 predicted = np.array([[1.0405878],
                      [1.0442121],
                      [1.052566],
                      [1.0658566],
                      [1.0922579],
                      [1.1319269],
                      [1.1713343],
                      [1.2268199],
                      [1.2844117],
                      [1.3454851],
                      [1.4145373],
                      [1.4751915],
                      [1.5140473],
                      [1.5308948],
                      [1.5336425],
                      [1.5351337],
                      [1.5367616],
                      [1.5363218],
                      [1.5339578],
                      [1.5388974],
                      [1.55428],
                      [1.5726322]])